Level 1:
1884, 1462, 1184, 1147, 1598, 1068, 1724, 1080, 1800, 1214, 1484, 1662, 1631, 1235, 1529, 1689, 1640, 1318, 1483, 1583, 1641, 1090, 1799, 1378, 1757, 1524, 1431, 1823, 1876, 1013, 1169, 1671, 1597, 1789, 1439, 1418, 1872, 1545, 1502, 1150, 1020, 1713, 1772, 1121, 1118, 1471, 1731, 1704, 1882, 1711, 1479, 1507, 1836, 1792, 1829, 1228, 1400, 1273, 1339, 1523, 1897, 1380, 1360, 1750, 1171, 1279, 1720, 1138, 1842, 1275, 1443, 1242, 1508, 1847, 1051, 1826, 1754

Level 2:
1424, 1740, 1476, 1186, 1050, 1074, 1261, 1846, 1521, 1103, 1347, 1321, 1891, 1331, 1046, 1149, 1672, 1414, 1838, 1359, 1474, 1239, 1820, 1426, 1550, 1572, 1194, 1455, 1525, 1148, 1729, 1108, 1029, 1394, 1716, 1317, 1482, 1299, 1289, 1251, 1442, 1555, 1209, 1444, 1429, 1684, 1747, 1703, 1753, 1164, 1898, 1489, 1002, 1037, 1853, 1768, 1547, 1152, 1843, 1341, 1647, 1088, 1314, 1420, 1781, 1828, 1517, 1140, 1637, 1490, 1678, 1124, 1468, 1749, 1346, 1867, 1021, 1700, 1204, 1102, 1280, 1112, 1669, 1308, 1413, 1422, 1892, 1625, 1758, 1553, 1702, 1335, 1396, 1775, 1819, 1890, 1340, 1535, 1541, 1025, 1145, 1459, 1276, 1725, 1033, 1350, 1629, 1376, 1567, 1522, 1822, 1573, 1646, 1883, 1101, 1371, 1268, 1212, 1334, 1559, 1248, 1326, 1873, 1498, 1375, 1569, 1061, 1680, 1849, 1667, 1038, 1510, 1473, 1131, 1848, 1052, 1291, 1844, 1608, 1856, 1874, 1125, 1735

Level 3:
1603, 1560, 1463, 1174, 1099, 1505, 1712, 1585, 1285, 1262, 1717, 1358, 1059, 1499, 1100, 1649, 1467, 1092, 1428, 1576, 1010, 1389, 1645, 1658, 1180, 1718, 1813, 1737, 1513, 1745, 1042, 1756, 1014, 1384, 1854, 1875, 1590, 1286, 1368, 1089, 1504, 1433, 1168, 1047, 1155, 1026, 1796, 1587, 1650, 1199, 1332, 1385, 1274, 1408, 1613, 1584, 1818, 1830, 1132, 1857, 1652, 1537, 1627, 1093, 1452, 1028, 1135, 1858, 1575, 1795, 1161, 1889, 1405, 1095, 1465, 1657, 1485, 1364, 1032, 1761, 1409, 1804, 1222, 1192, 1091, 1436, 1446, 1497, 1852, 1710, 1113, 1206, 1738, 1066, 1247, 1007, 1893, 1863, 1305, 1589, 1183, 1329, 1256, 1049, 1726, 1578, 1500, 1432, 1610, 1644, 1534, 1732, 1343, 1249, 1213, 1298, 1774, 1391, 1370, 1798, 1403, 1170, 1438, 1136, 1834, 1349, 1778, 1899, 1094, 1530, 1816, 1044, 1784, 1173, 1633, 1478, 1363, 1197, 1614, 1245, 1287, 1266, 1067, 1277, 1144, 1240, 1600, 1665, 1372, 1361, 1076, 1043, 1864, 1201, 1195, 1230, 1224, 1454, 1355, 1542, 1895, 1660, 1715, 1862, 1203, 1591, 1777, 1119, 1024, 1582, 1605, 1683, 1728, 1714, 1111, 1801, 1307, 1574, 1373, 1495, 1885, 1464, 1107, 1369, 1448, 1656, 1120, 1561, 1126, 1139, 1082, 1803, 1226, 1232, 1153, 1035, 1744, 1835, 1208, 1292, 1481, 1722, 1129, 1562, 1693, 1894, 1440, 1536, 1869, 1709, 1181, 1303, 1599, 1231, 1048, 1588, 1840, 1814, 1253, 1434, 1110, 1623, 1719, 1004, 1579, 1087, 1281, 1356, 1338, 1229, 1159, 1284, 1817, 1727, 1470, 1831, 1250, 1196, 1616, 1182, 1293, 1762, 1586, 1133, 1246, 1503, 1870, 1811, 1325, 1771, 1632, 1415, 1807, 1707, 1808, 1825, 1322, 1679, 1540, 1116, 1850, 1410, 1352, 1323, 1393, 1141, 1167, 1677, 1770, 1330, 1265, 1805

Level 4:
1083, 1568, 1827, 1661, 1327, 1383, 1659, 1264, 1815, 1177, 1065, 1398, 1395, 1406, 1311, 1179, 1558, 1296, 1211, 1621, 1412, 1390, 1466, 1601, 1449, 1402, 1780, 1782, 1570, 1594, 1022, 1488, 1157, 1742, 1612, 1098, 1896, 1027, 1073, 1078, 1023, 1336, 1783, 1255, 1062, 1686, 1626, 1456, 1501, 1233, 1651, 1019, 1427, 1595, 1189, 1085, 1041, 1839, 1104, 1045, 1447, 1879, 1697, 1458, 1868, 1001, 1810, 1788, 1881, 1604, 1392, 1012, 1040, 1366, 1142, 1401, 1445, 1611, 1607, 1320, 1381, 1238, 1531, 1437, 1008, 1674, 1617, 1480, 1451, 1730, 1137, 1297, 1069, 1620, 1079, 1821, 1057, 1548, 1493, 1288, 1151, 1063, 1668, 1563, 1282, 1769, 1520, 1539, 1172, 1546, 1055, 1058, 1794, 1624, 1809, 1472, 1685, 1687, 1367, 1721, 1328, 1494, 1357, 1419, 1160, 1581, 1593, 1565, 1699, 1130, 1450, 1017, 1316, 1241, 1003, 1382, 1496, 1766, 1748, 1421, 1824, 1492, 1642, 1236, 1837, 1557, 1681, 1218, 1342, 1887, 1423, 1802, 1188, 1841, 1387, 1379, 1122, 1812, 1075, 1377, 1344, 1345, 1333, 1036, 1244, 1156, 1694, 1554, 1270, 1577, 1556, 1128, 1202, 1290, 1404, 1619, 1263, 1636, 1751, 1353, 1407, 1315, 1351, 1310, 1313, 1397, 1304, 1859, 1215, 1538, 1267, 1056, 1070, 1564, 1243, 1081, 1635, 1064, 1552, 1790, 1628, 1187, 1886, 1514, 1034, 1354, 1362, 1217, 1185, 1596, 1630, 1655, 1765, 1430, 1016, 1030, 1000, 1487, 1015, 1031, 1158, 1077, 1486, 1602, 1549, 1207, 1460, 1736, 1306, 1176, 1225, 1053, 1692, 1441, 1860, 1878, 1706, 1516, 1682, 1675, 1518, 1526, 1861, 1072, 1888, 1743, 1114, 1216, 1295, 1200, 1386, 1634, 1787, 1269, 1622, 1866, 1143, 1865, 1746, 1705, 1254, 1198, 1506, 1300, 1294, 1106, 1544, 1210, 1580, 1190, 1477, 1793, 1618, 1698, 1417, 1278, 1425, 1011, 1832, 1515, 1733, 1845, 1435, 1606, 1018, 1221, 1543, 1741, 1511, 1054, 1259, 1271, 1457, 1797, 1071, 1219, 1764, 1461, 1760, 1566, 1399, 1009, 1654, 1127, 1162

Level 5:
1670, 1175, 1309, 1411, 1609, 1696, 1708, 1223, 1260, 1806, 1006, 1643, 1512, 1109, 1165, 1193, 1319, 1146, 1532, 1739, 1301, 1571, 1086, 1237, 1666, 1880, 1374, 1365, 1416, 1039, 1166, 1851, 1178, 1283, 1272, 1475, 1453, 1551, 1163, 1258, 1723, 1653, 1528, 1639, 1257, 1785, 1638, 1734, 1312, 1592, 1759, 1676, 1773, 1779, 1348, 1664, 1252, 1533, 1097, 1105, 1690

