Level 1:
1708, 1672, 1260, 1512, 1482, 1657, 1370, 1086, 1169, 1671, 1224, 1859, 1257, 1592, 1750

Level 2:
1311, 1296, 1412, 1390, 1780, 1594, 1023, 1336, 1255, 1868, 1142, 1193, 1437, 1489, 1069, 1146, 1079, 1532, 1282, 1172, 1809, 1090, 1301, 1571, 1382, 1237, 1666, 1824, 1236, 1851, 1270, 1283, 1315, 1475, 1226, 1538, 1267, 1258, 1354, 1653, 1487, 1400, 1588, 1639, 1158, 1736, 1638, 1312, 1516, 1518, 1759, 1787, 1622, 1866, 1133, 1348, 1018, 1221, 1797, 1826, 1399, 1874

Level 3:
1884, 1568, 1661, 1327, 1174, 1670, 1099, 1184, 1712, 1177, 1398, 1285, 1395, 1358, 1499, 1100, 1649, 1092, 1621, 1411, 1609, 1389, 1658, 1402, 1180, 1223, 1737, 1042, 1854, 1027, 1590, 1078, 1368, 1089, 1550, 1433, 1168, 1047, 1806, 1484, 1686, 1626, 1456, 1643, 1427, 1595, 1189, 1839, 1613, 1584, 1697, 1132, 1810, 1788, 1537, 1251, 1366, 1109, 1858, 1165, 1795, 1611, 1320, 1529, 1405, 1674, 1485, 1761, 1898, 1730, 1297, 1091, 1436, 1821, 1493, 1113, 1288, 1863, 1329, 1420, 1520, 1726, 1546, 1624, 1367, 1328, 1494, 1419, 1565, 1774, 1017, 1438, 1241, 1431, 1766, 1834, 1748, 1530, 1421, 1013, 1880, 1374, 1614, 1287, 1266, 1067, 1557, 1218, 1802, 1416, 1841, 1122, 1280, 1377, 1344, 1372, 1039, 1308, 1413, 1036, 1244, 1178, 1422, 1895, 1715, 1128, 1872, 1591, 1119, 1272, 1263, 1636, 1714, 1751, 1353, 1407, 1107, 1351, 1448, 1120, 1775, 1126, 1803, 1215, 1070, 1453, 1292, 1243, 1551, 1562, 1628, 1187, 1163, 1034, 1723, 1693, 1362, 1217, 1596, 1440, 1630, 1765, 1030, 1048, 1015, 1528, 1031, 1840, 1486, 1253, 1549, 1434, 1460, 1176, 1004, 1785, 1225, 1053, 1441, 1734, 1281, 1706, 1229, 1159, 1526, 1861, 1072, 1339, 1743, 1216, 1295, 1200, 1634, 1676, 1773, 1371, 1268, 1746, 1190, 1477, 1246, 1503, 1811, 1698, 1417, 1808, 1679, 1278, 1425, 1515, 1116, 1510, 1850, 1435, 1051, 1511, 1054, 1252, 1352, 1259, 1271, 1071, 1167, 1760, 1566, 1097, 1105, 1009, 1654, 1125, 1330, 1162

Level 4:
1083, 1424, 1827, 1603, 1740, 1560, 1383, 1659, 1505, 1264, 1175, 1815, 1476, 1186, 1065, 1074, 1147, 1262, 1059, 1309, 1558, 1467, 1846, 1211, 1521, 1428, 1576, 1347, 1321, 1466, 1010, 1080, 1645, 1696, 1449, 1718, 1813, 1149, 1782, 1414, 1488, 1513, 1742, 1612, 1745, 1384, 1098, 1896, 1239, 1875, 1820, 1073, 1214, 1426, 1286, 1783, 1504, 1062, 1155, 1026, 1796, 1501, 1233, 1651, 1019, 1650, 1332, 1006, 1274, 1455, 1085, 1104, 1408, 1045, 1447, 1148, 1729, 1830, 1001, 1029, 1394, 1652, 1881, 1627, 1093, 1604, 1392, 1452, 1631, 1028, 1012, 1299, 1040, 1135, 1401, 1442, 1555, 1209, 1444, 1445, 1575, 1161, 1607, 1381, 1238, 1531, 1429, 1889, 1747, 1095, 1008, 1703, 1689, 1364, 1753, 1318, 1480, 1319, 1032, 1451, 1409, 1137, 1222, 1620, 1192, 1002, 1057, 1037, 1853, 1768, 1852, 1548, 1206, 1738, 1151, 1066, 1247, 1063, 1668, 1152, 1305, 1589, 1563, 1183, 1647, 1256, 1088, 1769, 1049, 1539, 1739, 1500, 1610, 1055, 1058, 1644, 1534, 1794, 1517, 1472, 1343, 1685, 1687, 1799, 1213, 1378, 1298, 1357, 1160, 1581, 1593, 1391, 1699, 1757, 1130, 1798, 1403, 1170, 1450, 1637, 1003, 1496, 1349, 1899, 1823, 1816, 1044, 1784, 1173, 1633, 1478, 1492, 1363, 1197, 1124, 1468, 1749, 1365, 1346, 1837, 1867, 1681, 1342, 1887, 1021, 1204, 1423, 1277, 1188, 1102, 1144, 1240, 1379, 1600, 1812, 1665, 1075, 1112, 1345, 1669, 1166, 1333, 1076, 1864, 1201, 1156, 1694, 1454, 1355, 1542, 1660, 1556, 1202, 1290, 1404, 1777, 1619, 1024, 1582, 1605, 1683, 1728, 1758, 1553, 1111, 1801, 1307, 1574, 1373, 1495, 1885, 1464, 1335, 1369, 1310, 1313, 1139, 1082, 1232, 1890, 1340, 1035, 1835, 1208, 1564, 1064, 1722, 1129, 1541, 1790, 1886, 1145, 1185, 1894, 1536, 1869, 1655, 1709, 1181, 1303, 1459, 1430, 1016, 1599, 1000, 1231, 1228, 1077, 1814, 1110, 1207, 1306, 1623, 1579, 1692, 1350, 1087, 1860, 1629, 1878, 1376, 1356, 1682, 1675, 1567, 1888, 1522, 1284, 1817, 1114, 1727, 1386, 1470, 1269, 1573, 1143, 1646, 1883, 1865, 1250, 1779, 1212, 1254, 1559, 1506, 1300, 1171, 1326, 1544, 1720, 1762, 1586, 1793, 1275, 1618, 1870, 1375, 1664, 1771, 1632, 1415, 1807, 1061, 1707, 1242, 1508, 1825, 1322, 1540, 1011, 1849, 1832, 1038, 1733, 1845, 1606, 1131, 1543, 1410, 1457, 1291, 1844, 1219, 1677, 1856, 1127, 1265, 1690, 1805

Level 5:
1463, 1462, 1050, 1585, 1717, 1598, 1406, 1179, 1261, 1068, 1103, 1724, 1891, 1601, 1331, 1046, 1800, 1570, 1838, 1359, 1022, 1474, 1157, 1756, 1014, 1587, 1572, 1194, 1199, 1385, 1041, 1525, 1879, 1458, 1818, 1108, 1857, 1716, 1662, 1317, 1289, 1235, 1684, 1465, 1617, 1640, 1483, 1164, 1804, 1446, 1497, 1710, 1547, 1007, 1583, 1893, 1843, 1341, 1641, 1314, 1781, 1578, 1432, 1828, 1732, 1721, 1249, 1140, 1524, 1316, 1136, 1778, 1490, 1094, 1876, 1678, 1245, 1642, 1597, 1789, 1700, 1387, 1439, 1361, 1043, 1195, 1230, 1554, 1577, 1892, 1418, 1862, 1203, 1625, 1545, 1502, 1702, 1150, 1020, 1656, 1396, 1713, 1561, 1772, 1121, 1397, 1304, 1118, 1819, 1471, 1153, 1731, 1056, 1704, 1882, 1711, 1744, 1535, 1479, 1481, 1081, 1635, 1552, 1514, 1025, 1507, 1836, 1792, 1276, 1829, 1273, 1602, 1725, 1033, 1719, 1338, 1523, 1822, 1897, 1831, 1101, 1380, 1196, 1360, 1334, 1616, 1705, 1198, 1294, 1182, 1279, 1248, 1106, 1210, 1873, 1580, 1293, 1138, 1498, 1842, 1325, 1443, 1569, 1680, 1847, 1667, 1473, 1741, 1533, 1323, 1848, 1393, 1052, 1141, 1764, 1461, 1608, 1754, 1770, 1735

